9.91
 5.19
 0.78
 0.28
 2.55
 4.74
 7.65
 1.14
 7.72
 2.71
 6.68
 1.68
 9.65
 6.23
 4.92
 9.41
 9.77
 6.86
 1.23
 5.77
 5.88
 4.81
 8.04
 7.40
 6.93
 2.59
 8.91
 0.42
 7.69
 1.66
 5.93
 7.33
 1.83
 4.94
 1.99
 4.01
 1.97
 2.92
 3.58
 2.60
 2.79
 3.19
 7.01
 0.62
 5.36
 2.99
 3.89
 9.22
 2.54
 6.47
 2.42
 2.80
 6.85
 3.42
 3.71
 6.85
 0.86
 0.67
 5.41
 4.22
 8.50
 4.34
 1.75
 7.14
 4.12
 0.82
 4.52
 2.00
 2.11
 4.87
 0.56
 9.28
 8.19
 3.92
 2.80
 0.02
 6.48
 5.79
 7.92
 3.47
 8.38
 6.05
 1.30
 2.33
 0.10
 5.21
 2.81
 5.52
 7.73
 5.49
 4.35
 4.10
 0.17
 2.42
 4.66
 6.51
 0.67
 4.48
 4.76
 0.53
 9.68
 9.57
 7.83
 0.51
 5.51
 4.15
 0.80
 5.80
 7.19
 7.55
 1.47
 6.36
 6.19
 0.49
 7.23
 7.61
 5.53
 3.76
 3.59
 7.48
 5.12
 1.45
 4.77
 9.52
 0.65
 9.40
 2.24
 2.02
 5.29
 8.83
 3.98
 4.43
 5.55
 2.39
 3.94
 4.29
 0.27
 2.76
 5.67
 7.06
 6.35
 0.32
 9.07
 2.25
 3.67
 9.56
 6.46
 2.27
 8.59
 5.68
 7.66
 4.31
 2.05
 3.73
 5.32
 3.37
 3.81
 4.07
 1.87
 6.61
 8.99
 5.52
 6.03
 6.23
 8.06
 5.75
 0.14
 9.31
 7.23
 3.24
 3.92
 9.20
 4.16
 2.98
 2.58
 4.14
 9.68
 4.03
 7.30
 6.71
 3.58
 9.73
 5.45
 8.98
 7.15
 8.16
 2.53
 1.05
9.91
 5.19
 0.78
 0.28
 2.55
 4.74
 7.65
 1.14
 7.72
 2.71
 6.68
 1.68
 9.65
 6.23
 4.92
 9.41
 9.77
 6.86
 1.23
 5.77
 5.88
 4.81
 8.04
 7.40
 6.93
 2.59
 8.91
 0.42
 7.69
 1.66
 5.93
 7.33
 1.83
 4.94
 1.99
 4.01
 1.97
 2.92
 3.58
 2.60
 2.79
 3.19
 7.01
 0.62
 5.36
 2.99
 3.89
 9.22
 2.54
 6.47
 2.42
 2.80
 6.85
 3.42
 3.71
 6.85
 0.86
 0.67
 5.41
 4.22
 8.50
 4.34
 1.75
 7.14
 4.12
 0.82
 4.52
 2.00
 2.11
 4.87
 0.56
 9.28
 8.19
 3.92
 2.80
 0.02
 6.48
 5.79
 7.92
 3.47
 8.38
 6.05
 1.30
 2.33
 0.10
 5.21
 2.81
 5.52
 7.73
 5.49
 4.35
 4.10
 0.17
 2.42
 4.66
 6.51
 0.67
 4.48
 4.76
 0.53
 9.68
 9.57
 7.83
 0.51
 5.51
 4.15
 0.80
 5.80
 7.19
 7.55
 1.47
 6.36
 6.19
 0.49
 7.23
 7.61
 5.53
 3.76
 3.59
 7.48
 5.12
 1.45
 4.77
 9.52
 0.65
 9.40
 2.24
 2.02
 5.29
 8.83
 3.98
 4.43
 5.55
 2.39
 3.94
 4.29
 0.27
 2.76
 5.67
 7.06
 6.35
 0.32
 9.07
 2.25
 3.67
 9.56
 6.46
 2.27
 8.59
 5.68
 7.66
 4.31
 2.05
 3.73
 5.32
 3.37
 3.81
 4.07
 1.87
 6.61
 8.99
 5.52
 6.03
 6.23
 8.06
 5.75
 0.14
 9.31
 7.23
 3.24
 3.92
 9.20
 4.16
 2.98
 2.58
 4.14
 9.68
 4.03
 7.30
 6.71
 3.58
 9.73
 5.45
 8.98
 7.15
 8.16
 2.53
 1.05
9.91
 5.19
 0.78
 0.28
 2.55
 4.74
 7.65
 1.14
 7.72
 2.71
 6.68
 1.68
 9.65
 6.23
 4.92
 9.41
 9.77
 6.86
 1.23
 5.77
 5.88
 4.81
 8.04
10.00
